422
442
441
446
453
474
505
532
559
558
565
566
576
595
608
635
650
676
682
707
721
748
758
760
758
786
829
872
901
919
930
928
935
951
961
987
1019
1051
1090
1128
1167
1178
1156
1136
1119
1128
1140
1151
1173
1190
1216
1238
1271
1271
1271
1272
1304
1337
1364
1396
1424
1443
1464
1476
1495
1502
1514
1522
1545
1560
1577
1575
1583
1586
1594
1600
1591
1581
1561
1559
1558
1567
1568
1564
1564
1576
1595
1621
1645
1685
1717
1756
1770
1781
1798
1815
1834
1839
1859
1883
1912
1923
1930
1931
1949
1976
2002
2019
2026
2036
2046
2056
2068
2102
2139
2180
2201
2218
2231
2235
2240
2244
2274
2303
2329
2331
2346
2365
2387
2396
2400
2407
2409
2412
2414
2429
2440
2449
2457
2472
2493
2507
2525
2536
2553
2566
2585
2604
2624
2631
2633
2610
2602
2586
2593
2581
2576
2568
2571
2574
2580
2588
2589
2597
2615
2637
2659
2679
2702
2726
2760
2806
2846
2866
2878
2888
2909
2926
2938
2939
2954
2969
2981
2980
2982
2988
3001
2997
3025
3045
3072
3070
3066
3086
3088
3103
3109
3133
3154
3165
3174
3175
3176
3175
3175
3190
3224
3265
3303
3327
3381
3437
3508
3542
3566
3581
3599
3617
3639
3671
3700
3719
3722
3746
3787
3828
3851
3850
3865
3868
3868
3850
3840
3837
3866
3903
3938
3950
3959
3968
3979
4012
4046
4074
4081
4087
4092
4096
4098
4115
4146
4180
4205
4228
4272
4314
4354
4374
4390
4400
4411
4412
4416
4417
4430
4449
4473
4513
4540
4571
4591
4603
4616
4624
4652
4670
4684
4697
4715
4735
4749
4758
4768
4784
4795
4805
4807
4814
4827
4820
4817
4809
4815
4822
4828
4838
4843
4849
4853
4858
4864
4884
4906
4919
4924
4926
4933
4928
4935
4956
4994
5025
5047
5064
5081
5100
5102
5093
5114
5146
5187
5199
5222
5239
5262
5285
5309
5316
5312
5313
5310
5307
5308
5301
5294
5278
5289
5305
5323
5334
5340
5346
5349
5352
5365
5386
5408
5420
5424
5427
5425
5419
5414
5414
5419
5421
5409
5397
5408
5438
5469
5481
5475
5479
5483
5509
5524
5547
5568
5588
5619
5644
5669
5676
5690
5711
5726
5733
5752
5771
5793
5806
5823
5848
5872
5908
5933
5945
5920
5898
5886
5895
5902
5904
5913
5923
5936
5952
5969
5983
6009
6032
6057
6065
6085
6102
6119
6149
6175
6201
6203
6209
6220
6231
6244
6250
6255
6271
6290
6310
6317
6329
6348
6370
6385
6392
6396
6406
6402
6390
6362
6337
6336
6340
6356
6356
6374
6391
6419
6435
6432
6418
6407
6424
6456
6483
6502
6508
6516
6525
6540
6553
6564
6563
6562
6579
6632
6683
6721
6720
6721
6684
6654
6624
6627
6630
6631
6638
6646
6656
6661
6666
6675
6687
6700
6705
6711
6711
6716
6721
6728
6734
6728
6722
6740
6767
6798
6813
6838
6861
6878
6883
6889
6893
6903
6915
6937
6957
6982
6999
7012
7017
7024
7035
7049
7059
7083
7102
7126
7133
7156
7171
7190
7199
7216
7228
7246
7261
7280
7289
7291
7289
7301
7332
7373
7383
7382
7372
7382
7392
7414
7433
7452
7479
7501
7521
7499
7498
7490
7511
7547
7598
7641
7655
7660
7646
7633
7607
7595
7587
7592
7602
7605
7582
7565
7566
7591
7622
7635
7662
7707
7754
7793
7807
7829
7865
7899
7925
7936
7948
7970
7993
8028
8071
8112
8153
8169
8187
8196
8203
8194
8175
8164
8165
8169
8180
8200
8235
8245
8243
8226
8234
8250
8267
8277
8291
8342
8386
8430
8440
8457
8467
8469
8483
8496
8513
8514
8521
8532
8548
8582
8613
8646
8655
8681
8703
8724
8728
8744
8760
8777
8782
8787
8805
8823
8842
8850
8839
8834
8827
8844
8854
8863
8881
8903
8924
8921
8912
8907
8912
8922
8920
8922
8932
8959
8980
8991
8987
8987
8986
8992
9027
9058
9098
9110
9127
9114
9099
9090
9108
9126
9109
9088
9062
9064
9064
9069
9085
9100
9114
9139
9164
9206
9230
9248
9249
9246
9263
9286
9309
9319
9324
9325
9333
9348
9380
9401
9419
9424
9432
9448
9466
9493
9507
9517
9518
9519
9529
9539
9542
9545
9537
9538
9532
9552
9584
9606
9616
9608
9610
9596
9582
9576
9583
9601
9619
9654
9688
9716
9736
9750
9771
9785
9820
9823
9827
9818
9841
9878
9905
9923
9931
9944
9947
9949
9960
9992
10031
10058
10075
10107
10151
10194
10210
10215
10232
10207
10172
10126
10126
10111
10093
10074
10073
10081
10085
10095
10098
10119
10140
10161
10164
10183
10202
10222
10229
10238
10270
10300
10325
10326
10329
10336
10348
10355
10364
10371
10385
10387
10395
10410
10448
10469
10484
10482
10486
10484
10485
10489
10488
10502
10519
10560
10586
10606
10615
10641
10663
10665
10656
10656
10668
10670
10675
10688
10706
10719
10739
10756
10772
10773
10781
10790
10806
10817
10865
10910
10955
10964
10966
10969
10972
10986
10999
11010
11008
11007
11010
11019
11033
11046
11058
11074
11107
11138
11159
11165
11175
11189
11200
11228
11261
11297
11314
11325
11332
11337
11336
11337
11340
11364
11383
11399
11400
11403
11411
11426
11442
11470
11490
11509
11514
11514
11522
11533
11547
11569
11584
11623
11648
11678
11677
11668
11659
11657
11657
11657
11673
11694
11714
11720
11726
11742
11760
11792
11823
11855
11873
11880
11875
11847
11819
11804
11812
11822
11824
11833
11842
11872
11869
11871
11862
11911
11975
12045
12085
12108
12143
12175
12208
12237
12267
12291
12288
12305
12326
12352
12381
12411
12441
12458
12483
12511
12532
12544
12553
12567
12566
12576
12578
12604
12622
12634
12641
12622
12618
12593
12591
12590
12606
12597
12595
12591
12612
12620
12621
12622
12593
12581
12570
12584
12603
12621
12641
12644
12653
12669
12684
12713
12736
12762
12782
12808
12831
12852
12866
12888
12898
12906
12890
12876
12865
12874
12882
12889
12877
12866
12857
12893
12939
12989
13006
13004
12999
13011
13061
13114
13142
13147
13170
13210
13242
13249
13250
13262
13274
13289
13293
13283
13288
13295
13321
13343
13363
13389
13399
13433
13456
13456
13432
13411
13418
13451
13482
13523
13543
13556
13559
13569
13586
13607
13609
13604
13598
13599
13607
13617
13625
13633
13632
13634
13636
13643
13655
13666
13676
13674
13684
13700
13724
13752
13772
13796
13796
13796
13813
13835
13856
13838
13824
13813
13823
13843
13863
13902
13924
13948
13946
13967
13991
14028
14047
14068
14105
14144
14188
14217
14245
14271
14300
14355
14387
14405
14393
14392
14392
14397
14405
14413
14419
14424
14427
14430
14441
14459
14477
14487
14492
14488
14487
14484
14498
14513
14531
14541
14555
14589
14617
14637
14637
14643
14634
14623
14612
14619
14627
14635
14637
14638
14657
14700
14742
14762
14761
14754
14751
14748
14771
14794
14817
14817
14819
14822
14828
14834
14858
14882
14916
14931
14946
14958
14970
14982
14989
14996
15008
15016
15022
15015
15024
15043
15083
15114
15138
15144
15180
15213
15256
15269
15287
15259
15222
15199
15217
15252
15270
15293
15327
15357
15382
15378
15379
15380
15378
15380
15384
15407
15434
15459
15495
15537
15581
15607
15620
15631
15638
15644
15632
15621
15609
15616
15624
15637
15636
15631
15627
15641
15664
15686
15707
15717
15726
15731
15733
15728
15721
15721
15713
15704
15687
15687
15683
15679
15671
15679
15698
15737
15771
15832
15872
15914
15924
15953
15980
16007
16014
16001
16004
16011
16010
15993
15972
15978
15984
15990
15999
16029
16059
16092
16105
16106
16110
16124
16155
16167
16176
16200
16231
16256
16261
16247
16231
16221
16231
16239
16271
16302
16335
16338
16346
16363
16389
16414
16431
16442
16443
16452
16462
16467
16484
16490
16516
16522
16541
16551
16557
16561
16565
16576
16586
16582
16574
16563
16564
16573
16586
16615
16636
16645
16646
16647
16652
16651
16650
16648
16687
16739
16804
16829
16849
16859
16869
16863
16880
16897
16907
16898
16891
16905
16921
16935
16949
16982
16999
17010
17000
17022
17044
17067
17070
17070
17069
17074
17082
17088
17092
17094
17112
17129
17148
17177
17202
17235
17234
17205
17171
17145
17176
17206
17238
17246
17252
17264
17280
17297
17320
17338
17355
17355
17356
17357
17363
17376
17396
17414
17441
17462
17480
17491
17519
17569
17609
17632
17643
17656
17669
17676
17697
17727
17768
17793
17813
17828
17858
17901
17937
17947
17941
17931
17939
17910
17885
17856
17870
17884
17898
17908
17933
17972
18036
18091
18134
18156
18177
18196
18241
18295
18346
18368
18397
18426
18456
18469
18482
18490
18513
18536
18561
18567
18599
18644
18703
18716
18720
18699
18705
18706
18718
18724
18733
18756
18764
18772
18784
18812
18826
18840
18853
18872
18875
18877
18874
18870
18866
18870
18874
18878
18887
18889
18891
18894
18931
18969
18999
19007
19014
19025
19030
19035
19043
19054
19063
19079
19093
19099
19093
19082
19082
19082
19091
19094
19105
19111
19130
19141
19152
19153
19158
19161
19166
19181
19203
19229
19232
19228
19218
19213
19214
19222
19232
19223
19194
19168
19177
19201
19224
19225
19235
19241
19249
19249
19261
19279
19319
19347
19369
19368
19371
19383
19389
19385
19372
19368
19374
19383
19395
19398
19414
19410
19415
19405
19400
19395
19389
19389
19387
19386
19395
19416
19412
19401
19381
19391
19415
19432
19444
19452
19475
19471
19462
19446
19457
19440
19421
19396
19374
19371
19374
19412
19445
19477
19506
19521
19540
19551
19560
19567
19592
19620
19649
19659
19672
19682
19692
19726
19760
19795
19787
19810
19829
19854
19842
19837
19856
19896
19963
20019
20064
20075
20084
20098
20109
20122
20137
20153
20160
20169
20173
20189
20207
20232
20250
20253
20272
20291
20316
20347
20402
20459
20497
20511
20531
20555
20579
20592
20588
20579
20599
20631
20668
20671
20681
20689
20699
20717
20740
20780
20803
20827
20835
20821
20803
20779
20759
20741
20734
20747
20768
20794
20845
20887
20918
20925
20953
20979
21002
21018
21036
21054
21057
21060
21064
21071
21048
21005
20957
20934
20928
20933
20950
20970
20989
21008
21026
21052
21082
21114
21148
21172
21195
21201
21212
21219
21226
21230
21239
21249
21277
21331
21386
21420
21442
21461
21477
21475
21480
21489
21521
21549
21576
21579
21582
21588
21599
21612
21626
21642
21642
21597
21546
21506
21508
21508
21509
21503
21501
21507
21520
21522
21511
21502
21504
21510
21513
21519
21525
21531
21534
21531
21531
21534
21518
21512
21523
21564
21584
21582
21577
21577
21581
21586
21596
21602
21619
21630
21666
21706
21738
21747
21740
21758
21777
21790
21799
21807
21839
21865
21888
21894
21897
21914
21928
21943
21948
21960
21971
21981
21985
22007
22029
22065
22097
22129
22146
22155
22172
22171
22165
22146
22145
22146
22154
22175
22193
22209
22212
22218
22234
22253
22264
22265
22267
22276
22290
22289
22286
22280
22307
22336
22381
22398
22415
22414
22411
22400
22389
22393
22404
22416
22426
22428
22429
22422
22420
22420
22431
22431
22429
22434
22453
22494
22521
22539
22535
22532
22537
22566
22602
22659
22702
22723
22725
22717
22722
22725
22732
22746
22757
22766
22769
22780
22815
22850
22878
22880
22886
22898
22911
22919
22926
22943
22971
22996
22993
23005
23017
23042
23050
23058
23075
23095
23123
23150
23162
23166
23171
23201
23243
23271
23267
23251
23252
23271
23302
23329
23348
23373
23394
23417
23422
23425
23451
23478
23507
23526
23544
23562
23575
23622
23687
23751
23781
23789
23790
23775
23764
23780
23812
23847
23848
23885
23917
23957
23970
23990
24019
24037
24066
24084
24107
24127
24154
24178
24189
24195
24217
24257
24292
24311
24314
24324
24336
24356
24372
24375
24365
24375
24396
24421
24433
24446
24472
24490
24509
24502
24495
24488
24495
24509
24524
24538
24550
24566
24581
24602
24617
24632
24642
24653
24628
24600
24570
24590
24607
24626
24632
24620
24616
24618
24636
24646
24638
24632
24624
24645
24670
24702
24719
24743
24760
24772
24773
24774
24780
24791
24805
24818
24823
24819
24819
24824
24835
24826
24810
24796
24793
24796
24797
24803
24809
24813
24823
24837
24862
24894
24922
24946
24956
24977
24996
25014
25017
25045
25106
25183
25232
25250
25255
25265
25273
25278
25292
25303
25325
25331
25346
25385
25431
25466
25483
25503
25540
25560
25556
25551
25550
25589
25621
25641
25635
25644
25664
25706
25729
25752
25755
25765
25773
